crc_steps: piggybacking: generator polynomial: 1101111
-----  Stop and Wait Network Simulator Version 1.1 -------- 

Enter the number of messages to simulate: Enter  packet loss probability [enter 0.0 for no loss]:Enter packet corruption probability [0.0 for no corruption]:Enter average time between messages from sender's layer3 [ > 0.0]:Enter TRACE:
EVENT time: 935.286987,  type: 1, fromlayer3  entity: 1

input to crc: 00000000000000000000000000000000000000000000000000000000000000000000000000000000000000000000000101100001011000010110000101100001
0000000
0000000
0000000
0000000
0000000
0000000
0000000
0000000
0000000
0000000
0000000
0000000
0000000
0000000
0000000
0000000
0000000
0000000
0000000
0000000
0000000
0000000
0000000
0000000
0000000
0000000
0000000
0000000
0000000
0000000
0000000
0000000
0000000
0000000
0000000
0000000
0000000
0000000
0000000
0000000
0000000
0000000
0000000
0000000
0000000
0000000
0000000
0000000
0000000
0000000
0000000
0000000
0000000
0000000
0000000
0000000
0000000
0000000
0000000
0000000
0000000
0000000
0000000
0000000
0000000
0000000
0000000
0000000
0000000
0000000
0000000
0000000
0000000
0000000
0000000
0000000
0000000
0000000
0000000
0000000
0000000
0000000
0000000
0000000
0000000
0000000
0000000
0000000
0000000
0000001
0000010
0000101
0001011
0010110
0101100
1011000
1101110
0000011
0000110
0001101
0011011
0110110
1101100
0000110
0001100
0011001
0110010
1100101
0010101
0101010
1010100
1110110
0110010
1100101
0010100
0101001
1010011
1111000
0101110
1011100
1100110
0010011
0100110
1001100
1000110
1010010
1111010
0101010
crc: 101010

B is sending 0 1 aaaa, checksum=42
          TOLAYER1: frame being corrupted

EVENT time: 942.652161,  type: 2, fromlayer1  entity: 0

input to crc: 00000000000000000000000000000000000000000000000000000000000000000000000000000000000000000000000101011010011000010110000101100001
0000000
0000000
0000000
0000000
0000000
0000000
0000000
0000000
0000000
0000000
0000000
0000000
0000000
0000000
0000000
0000000
0000000
0000000
0000000
0000000
0000000
0000000
0000000
0000000
0000000
0000000
0000000
0000000
0000000
0000000
0000000
0000000
0000000
0000000
0000000
0000000
0000000
0000000
0000000
0000000
0000000
0000000
0000000
0000000
0000000
0000000
0000000
0000000
0000000
0000000
0000000
0000000
0000000
0000000
0000000
0000000
0000000
0000000
0000000
0000000
0000000
0000000
0000000
0000000
0000000
0000000
0000000
0000000
0000000
0000000
0000000
0000000
0000000
0000000
0000000
0000000
0000000
0000000
0000000
0000000
0000000
0000000
0000000
0000000
0000000
0000000
0000000
0000000
0000000
0000001
0000010
0000101
0001010
0010101
0101011
1010110
1110011
0111000
1110000
0111111
1111111
0100000
1000000
1011110
1100010
0011011
0110110
1101101
0000101
0001010
0010100
0101000
1010000
1111111
0100000
1000001
1011101
1100100
0010110
0101100
1011000
1101111
0000000
0000000
0000000
0000000
0000000
0000000
crc: 000000

input to crc: 00000000000000000000000000000000000000000000000000000000000000000000000000000000000000000000000101011010011000010110000101100001
0000000
0000000
0000000
0000000
0000000
0000000
0000000
0000000
0000000
0000000
0000000
0000000
0000000
0000000
0000000
0000000
0000000
0000000
0000000
0000000
0000000
0000000
0000000
0000000
0000000
0000000
0000000
0000000
0000000
0000000
0000000
0000000
0000000
0000000
0000000
0000000
0000000
0000000
0000000
0000000
0000000
0000000
0000000
0000000
0000000
0000000
0000000
0000000
0000000
0000000
0000000
0000000
0000000
0000000
0000000
0000000
0000000
0000000
0000000
0000000
0000000
0000000
0000000
0000000
0000000
0000000
0000000
0000000
0000000
0000000
0000000
0000000
0000000
0000000
0000000
0000000
0000000
0000000
0000000
0000000
0000000
0000000
0000000
0000000
0000000
0000000
0000000
0000000
0000000
0000001
0000010
0000101
0001010
0010101
0101011
1010110
1110011
0111000
1110000
0111111
1111111
0100000
1000000
1011110
1100010
0011011
0110110
1101101
0000101
0001010
0010100
0101000
1010000
1111111
0100000
1000001
1011101
1100100
0010110
0101100
1011000
1101111
0000000
0000000
0000000
0000000
0000000
0000000
crc: 000000

A received wrong checksum hence discarding, received checksum: 42, expected checksum: 0

EVENT time: 960.286987,  type: 0, timerinterrupt   entity: 1

Resending packet from B
          TOLAYER1: frame being corrupted

EVENT time: 962.437012,  type: 2, fromlayer1  entity: 0

input to crc: 00000000000000000000000000000000000000000000000000000000000000000000000000000000000000000000000101011010011000010110000101100001
0000000
0000000
0000000
0000000
0000000
0000000
0000000
0000000
0000000
0000000
0000000
0000000
0000000
0000000
0000000
0000000
0000000
0000000
0000000
0000000
0000000
0000000
0000000
0000000
0000000
0000000
0000000
0000000
0000000
0000000
0000000
0000000
0000000
0000000
0000000
0000000
0000000
0000000
0000000
0000000
0000000
0000000
0000000
0000000
0000000
0000000
0000000
0000000
0000000
0000000
0000000
0000000
0000000
0000000
0000000
0000000
0000000
0000000
0000000
0000000
0000000
0000000
0000000
0000000
0000000
0000000
0000000
0000000
0000000
0000000
0000000
0000000
0000000
0000000
0000000
0000000
0000000
0000000
0000000
0000000
0000000
0000000
0000000
0000000
0000000
0000000
0000000
0000000
0000000
0000001
0000010
0000101
0001010
0010101
0101011
1010110
1110011
0111000
1110000
0111111
1111111
0100000
1000000
1011110
1100010
0011011
0110110
1101101
0000101
0001010
0010100
0101000
1010000
1111111
0100000
1000001
1011101
1100100
0010110
0101100
1011000
1101111
0000000
0000000
0000000
0000000
0000000
0000000
crc: 000000

input to crc: 00000000000000000000000000000000000000000000000000000000000000000000000000000000000000000000000101011010011000010110000101100001
0000000
0000000
0000000
0000000
0000000
0000000
0000000
0000000
0000000
0000000
0000000
0000000
0000000
0000000
0000000
0000000
0000000
0000000
0000000
0000000
0000000
0000000
0000000
0000000
0000000
0000000
0000000
0000000
0000000
0000000
0000000
0000000
0000000
0000000
0000000
0000000
0000000
0000000
0000000
0000000
0000000
0000000
0000000
0000000
0000000
0000000
0000000
0000000
0000000
0000000
0000000
0000000
0000000
0000000
0000000
0000000
0000000
0000000
0000000
0000000
0000000
0000000
0000000
0000000
0000000
0000000
0000000
0000000
0000000
0000000
0000000
0000000
0000000
0000000
0000000
0000000
0000000
0000000
0000000
0000000
0000000
0000000
0000000
0000000
0000000
0000000
0000000
0000000
0000000
0000001
0000010
0000101
0001010
0010101
0101011
1010110
1110011
0111000
1110000
0111111
1111111
0100000
1000000
1011110
1100010
0011011
0110110
1101101
0000101
0001010
0010100
0101000
1010000
1111111
0100000
1000001
1011101
1100100
0010110
0101100
1011000
1101111
0000000
0000000
0000000
0000000
0000000
0000000
crc: 000000

A received wrong checksum hence discarding, received checksum: 42, expected checksum: 0

EVENT time: 985.286987,  type: 0, timerinterrupt   entity: 1

Resending packet from B
          TOLAYER1: frame being corrupted

EVENT time: 989.754272,  type: 2, fromlayer1  entity: 0

input to crc: 00000000000000000000000000000000000000000000000000000000000000000000000000000000000000000000000101011010011000010110000101100001
0000000
0000000
0000000
0000000
0000000
0000000
0000000
0000000
0000000
0000000
0000000
0000000
0000000
0000000
0000000
0000000
0000000
0000000
0000000
0000000
0000000
0000000
0000000
0000000
0000000
0000000
0000000
0000000
0000000
0000000
0000000
0000000
0000000
0000000
0000000
0000000
0000000
0000000
0000000
0000000
0000000
0000000
0000000
0000000
0000000
0000000
0000000
0000000
0000000
0000000
0000000
0000000
0000000
0000000
0000000
0000000
0000000
0000000
0000000
0000000
0000000
0000000
0000000
0000000
0000000
0000000
0000000
0000000
0000000
0000000
0000000
0000000
0000000
0000000
0000000
0000000
0000000
0000000
0000000
0000000
0000000
0000000
0000000
0000000
0000000
0000000
0000000
0000000
0000000
0000001
0000010
0000101
0001010
0010101
0101011
1010110
1110011
0111000
1110000
0111111
1111111
0100000
1000000
1011110
1100010
0011011
0110110
1101101
0000101
0001010
0010100
0101000
1010000
1111111
0100000
1000001
1011101
1100100
0010110
0101100
1011000
1101111
0000000
0000000
0000000
0000000
0000000
0000000
crc: 000000

input to crc: 00000000000000000000000000000000000000000000000000000000000000000000000000000000000000000000000101011010011000010110000101100001
0000000
0000000
0000000
0000000
0000000
0000000
0000000
0000000
0000000
0000000
0000000
0000000
0000000
0000000
0000000
0000000
0000000
0000000
0000000
0000000
0000000
0000000
0000000
0000000
0000000
0000000
0000000
0000000
0000000
0000000
0000000
0000000
0000000
0000000
0000000
0000000
0000000
0000000
0000000
0000000
0000000
0000000
0000000
0000000
0000000
0000000
0000000
0000000
0000000
0000000
0000000
0000000
0000000
0000000
0000000
0000000
0000000
0000000
0000000
0000000
0000000
0000000
0000000
0000000
0000000
0000000
0000000
0000000
0000000
0000000
0000000
0000000
0000000
0000000
0000000
0000000
0000000
0000000
0000000
0000000
0000000
0000000
0000000
0000000
0000000
0000000
0000000
0000000
0000000
0000001
0000010
0000101
0001010
0010101
0101011
1010110
1110011
0111000
1110000
0111111
1111111
0100000
1000000
1011110
1100010
0011011
0110110
1101101
0000101
0001010
0010100
0101000
1010000
1111111
0100000
1000001
1011101
1100100
0010110
0101100
1011000
1101111
0000000
0000000
0000000
0000000
0000000
0000000
crc: 000000

A received wrong checksum hence discarding, received checksum: 42, expected checksum: 0

EVENT time: 1010.286987,  type: 0, timerinterrupt   entity: 1

Resending packet from B

EVENT time: 1015.150391,  type: 2, fromlayer1  entity: 0

input to crc: 00000000000000000000000000000000000000000000000000000000000000000000000000000000000000000000000101100001011000010110000101100001
0000000
0000000
0000000
0000000
0000000
0000000
0000000
0000000
0000000
0000000
0000000
0000000
0000000
0000000
0000000
0000000
0000000
0000000
0000000
0000000
0000000
0000000
0000000
0000000
0000000
0000000
0000000
0000000
0000000
0000000
0000000
0000000
0000000
0000000
0000000
0000000
0000000
0000000
0000000
0000000
0000000
0000000
0000000
0000000
0000000
0000000
0000000
0000000
0000000
0000000
0000000
0000000
0000000
0000000
0000000
0000000
0000000
0000000
0000000
0000000
0000000
0000000
0000000
0000000
0000000
0000000
0000000
0000000
0000000
0000000
0000000
0000000
0000000
0000000
0000000
0000000
0000000
0000000
0000000
0000000
0000000
0000000
0000000
0000000
0000000
0000000
0000000
0000000
0000000
0000001
0000010
0000101
0001011
0010110
0101100
1011000
1101110
0000011
0000110
0001101
0011011
0110110
1101100
0000110
0001100
0011001
0110010
1100101
0010101
0101010
1010100
1110110
0110010
1100101
0010100
0101001
1010011
1111000
0101110
1011100
1100110
0010011
0100110
1001100
1000110
1010010
1111010
0101010
crc: 101010

A outstandingAck: 0, received: seqnum 0 checksum 42, expected: seqnum 0 checksum 0

input to crc: 00000000000000000000000000000001000000000000000000000000000000000000000000000000000000000000000001100001011000010110000101100001
0000000
0000000
0000000
0000000
0000000
0000000
0000000
0000000
0000000
0000000
0000000
0000000
0000000
0000000
0000000
0000000
0000000
0000000
0000000
0000000
0000000
0000000
0000000
0000000
0000000
0000001
0000010
0000100
0001000
0010000
0100000
1000000
1011110
1100010
0011010
0110100
1101000
0001110
0011100
0111000
1110000
0111110
1111100
0100110
1001100
1000110
1010010
1111010
0101010
1010100
1110110
0110010
1100100
0010110
0101100
1011000
1101110
0000010
0000100
0001000
0010000
0100000
1000000
1011110
1100010
0011010
0110100
1101000
0001110
0011100
0111000
1110000
0111110
1111100
0100110
1001100
1000110
1010010
1111010
0101010
1010100
1110110
0110010
1100100
0010110
0101100
1011000
1101110
0000010
0000100
0001000
0010001
0100011
1000110
1010010
1111010
0101010
1010101
1110100
0110111
1101111
0000000
0000000
0000000
0000000
0000001
0000010
0000101
0001011
0010110
0101100
1011000
1101110
0000011
0000110
0001101
0011011
0110110
1101100
0000110
0001100
0011001
0110010
1100100
0010110
0101100
1011000
1101110
crc: 000001

A is acknowledging: 0

EVENT time: 1021.448792,  type: 2, fromlayer1  entity: 1

input to crc: 00000000000000000000000000000001000000000000000000000000000000000000000000000000000000000000000001100001011000010110000101100001
0000000
0000000
0000000
0000000
0000000
0000000
0000000
0000000
0000000
0000000
0000000
0000000
0000000
0000000
0000000
0000000
0000000
0000000
0000000
0000000
0000000
0000000
0000000
0000000
0000000
0000001
0000010
0000100
0001000
0010000
0100000
1000000
1011110
1100010
0011010
0110100
1101000
0001110
0011100
0111000
1110000
0111110
1111100
0100110
1001100
1000110
1010010
1111010
0101010
1010100
1110110
0110010
1100100
0010110
0101100
1011000
1101110
0000010
0000100
0001000
0010000
0100000
1000000
1011110
1100010
0011010
0110100
1101000
0001110
0011100
0111000
1110000
0111110
1111100
0100110
1001100
1000110
1010010
1111010
0101010
1010100
1110110
0110010
1100100
0010110
0101100
1011000
1101110
0000010
0000100
0001000
0010001
0100011
1000110
1010010
1111010
0101010
1010101
1110100
0110111
1101111
0000000
0000000
0000000
0000000
0000001
0000010
0000101
0001011
0010110
0101100
1011000
1101110
0000011
0000110
0001101
0011011
0110110
1101100
0000110
0001100
0011001
0110010
1100100
0010110
0101100
1011000
1101110
crc: 000001

B is accepting acknowledgement 0 0 aaaa, checksum=1

EVENT time: 1408.607056,  type: 1, fromlayer3  entity: 0

input to crc: 00000000000000000000000000000000000000000000000000000000000000000000000000000000000000000000000001100010011000100110001001100010
0000000
0000000
0000000
0000000
0000000
0000000
0000000
0000000
0000000
0000000
0000000
0000000
0000000
0000000
0000000
0000000
0000000
0000000
0000000
0000000
0000000
0000000
0000000
0000000
0000000
0000000
0000000
0000000
0000000
0000000
0000000
0000000
0000000
0000000
0000000
0000000
0000000
0000000
0000000
0000000
0000000
0000000
0000000
0000000
0000000
0000000
0000000
0000000
0000000
0000000
0000000
0000000
0000000
0000000
0000000
0000000
0000000
0000000
0000000
0000000
0000000
0000000
0000000
0000000
0000000
0000000
0000000
0000000
0000000
0000000
0000000
0000000
0000000
0000000
0000000
0000000
0000000
0000000
0000000
0000000
0000000
0000000
0000000
0000000
0000000
0000000
0000000
0000000
0000000
0000000
0000000
0000001
0000011
0000110
0001100
0011000
0110001
1100010
0011010
0110101
1101011
0001000
0010000
0100000
1000001
1011100
1100110
0010011
0100111
1001110
1000010
1011010
1101011
0001000
0010000
0100001
1000011
1011000
1101110
0000010
0000101
0001010
0010100
0101000
1010000
1111110
0100010
1000100
crc: 101011

A is sending 0 0 bbbb, checksum=43

EVENT time: 1414.636719,  type: 2, fromlayer1  entity: 1

input to crc: 00000000000000000000000000000000000000000000000000000000000000000000000000000000000000000000000001100010011000100110001001100010
0000000
0000000
0000000
0000000
0000000
0000000
0000000
0000000
0000000
0000000
0000000
0000000
0000000
0000000
0000000
0000000
0000000
0000000
0000000
0000000
0000000
0000000
0000000
0000000
0000000
0000000
0000000
0000000
0000000
0000000
0000000
0000000
0000000
0000000
0000000
0000000
0000000
0000000
0000000
0000000
0000000
0000000
0000000
0000000
0000000
0000000
0000000
0000000
0000000
0000000
0000000
0000000
0000000
0000000
0000000
0000000
0000000
0000000
0000000
0000000
0000000
0000000
0000000
0000000
0000000
0000000
0000000
0000000
0000000
0000000
0000000
0000000
0000000
0000000
0000000
0000000
0000000
0000000
0000000
0000000
0000000
0000000
0000000
0000000
0000000
0000000
0000000
0000000
0000000
0000000
0000000
0000001
0000011
0000110
0001100
0011000
0110001
1100010
0011010
0110101
1101011
0001000
0010000
0100000
1000001
1011100
1100110
0010011
0100111
1001110
1000010
1011010
1101011
0001000
0010000
0100001
1000011
1011000
1101110
0000010
0000101
0001010
0010100
0101000
1010000
1111110
0100010
1000100
crc: 101011

B outstandingAck: 0, received: seqnum 0 checksum 43, expected: seqnum 0 checksum 0

input to crc: 00000000000000000000000000000001000000000000000000000000000000000000000000000000000000000000000001100010011000100110001001100010
0000000
0000000
0000000
0000000
0000000
0000000
0000000
0000000
0000000
0000000
0000000
0000000
0000000
0000000
0000000
0000000
0000000
0000000
0000000
0000000
0000000
0000000
0000000
0000000
0000000
0000001
0000010
0000100
0001000
0010000
0100000
1000000
1011110
1100010
0011010
0110100
1101000
0001110
0011100
0111000
1110000
0111110
1111100
0100110
1001100
1000110
1010010
1111010
0101010
1010100
1110110
0110010
1100100
0010110
0101100
1011000
1101110
0000010
0000100
0001000
0010000
0100000
1000000
1011110
1100010
0011010
0110100
1101000
0001110
0011100
0111000
1110000
0111110
1111100
0100110
1001100
1000110
1010010
1111010
0101010
1010100
1110110
0110010
1100100
0010110
0101100
1011000
1101110
0000010
0000100
0001000
0010001
0100011
1000110
1010010
1111010
0101011
1010110
1110010
0111011
1110111
0110000
1100000
0011110
0111101
1111010
0101010
1010101
1110101
0110100
1101000
0001110
0011101
0111010
1110100
0110111
1101111
0000000
0000000
0000000
0000001
0000010
0000100
0001000
0010000
0100000
1000000
1011110
crc: 110001

B is acknowledging: 0
          TOLAYER1: frame being corrupted

EVENT time: 1422.291260,  type: 2, fromlayer1  entity: 0

input to crc: 00000000000000000000000000000001000000000000000000000000000000000000000000000000000000000000000001011010011000100110001001100010
0000000
0000000
0000000
0000000
0000000
0000000
0000000
0000000
0000000
0000000
0000000
0000000
0000000
0000000
0000000
0000000
0000000
0000000
0000000
0000000
0000000
0000000
0000000
0000000
0000000
0000001
0000010
0000100
0001000
0010000
0100000
1000000
1011110
1100010
0011010
0110100
1101000
0001110
0011100
0111000
1110000
0111110
1111100
0100110
1001100
1000110
1010010
1111010
0101010
1010100
1110110
0110010
1100100
0010110
0101100
1011000
1101110
0000010
0000100
0001000
0010000
0100000
1000000
1011110
1100010
0011010
0110100
1101000
0001110
0011100
0111000
1110000
0111110
1111100
0100110
1001100
1000110
1010010
1111010
0101010
1010100
1110110
0110010
1100100
0010110
0101100
1011000
1101110
0000010
0000100
0001000
0010001
0100010
1000101
1010101
1110100
0110111
1101110
0000010
0000101
0001011
0010110
0101100
1011000
1101111
0000000
0000000
0000001
0000011
0000110
0001100
0011000
0110001
1100010
0011010
0110101
1101011
0001000
0010000
0100000
1000001
1011100
1100110
0010010
0100100
1001000
1001110
1000010
crc: 101101

input to crc: 00000000000000000000000000000001000000000000000000000000000000000000000000000000000000000000000001011010011000100110001001100010
0000000
0000000
0000000
0000000
0000000
0000000
0000000
0000000
0000000
0000000
0000000
0000000
0000000
0000000
0000000
0000000
0000000
0000000
0000000
0000000
0000000
0000000
0000000
0000000
0000000
0000001
0000010
0000100
0001000
0010000
0100000
1000000
1011110
1100010
0011010
0110100
1101000
0001110
0011100
0111000
1110000
0111110
1111100
0100110
1001100
1000110
1010010
1111010
0101010
1010100
1110110
0110010
1100100
0010110
0101100
1011000
1101110
0000010
0000100
0001000
0010000
0100000
1000000
1011110
1100010
0011010
0110100
1101000
0001110
0011100
0111000
1110000
0111110
1111100
0100110
1001100
1000110
1010010
1111010
0101010
1010100
1110110
0110010
1100100
0010110
0101100
1011000
1101110
0000010
0000100
0001000
0010001
0100010
1000101
1010101
1110100
0110111
1101110
0000010
0000101
0001011
0010110
0101100
1011000
1101111
0000000
0000000
0000001
0000011
0000110
0001100
0011000
0110001
1100010
0011010
0110101
1101011
0001000
0010000
0100000
1000001
1011100
1100110
0010010
0100100
1001000
1001110
1000010
crc: 101101

A received wrong checksum hence discarding, received checksum: 49, expected checksum: 45

EVENT time: 1433.607056,  type: 0, timerinterrupt   entity: 0

Resending packet from A
          TOLAYER1: frame being corrupted

EVENT time: 1439.183838,  type: 2, fromlayer1  entity: 1

input to crc: 00000000000000000000000000000000000000000000000000000000000000000000000000000000000000000000000001011010011000100110001001100010
0000000
0000000
0000000
0000000
0000000
0000000
0000000
0000000
0000000
0000000
0000000
0000000
0000000
0000000
0000000
0000000
0000000
0000000
0000000
0000000
0000000
0000000
0000000
0000000
0000000
0000000
0000000
0000000
0000000
0000000
0000000
0000000
0000000
0000000
0000000
0000000
0000000
0000000
0000000
0000000
0000000
0000000
0000000
0000000
0000000
0000000
0000000
0000000
0000000
0000000
0000000
0000000
0000000
0000000
0000000
0000000
0000000
0000000
0000000
0000000
0000000
0000000
0000000
0000000
0000000
0000000
0000000
0000000
0000000
0000000
0000000
0000000
0000000
0000000
0000000
0000000
0000000
0000000
0000000
0000000
0000000
0000000
0000000
0000000
0000000
0000000
0000000
0000000
0000000
0000000
0000000
0000001
0000010
0000101
0001011
0010110
0101101
1011010
1101010
0001011
0010111
0101110
1011100
1100110
0010011
0100110
1001100
1000111
1010001
1111100
0100110
1001100
1000111
1010000
1111110
0100011
1000111
1010000
1111110
0100010
1000101
1010100
1110110
0110010
1100100
0010110
0101100
1011000
crc: 110111

input to crc: 00000000000000000000000000000000000000000000000000000000000000000000000000000000000000000000000001011010011000100110001001100010
0000000
0000000
0000000
0000000
0000000
0000000
0000000
0000000
0000000
0000000
0000000
0000000
0000000
0000000
0000000
0000000
0000000
0000000
0000000
0000000
0000000
0000000
0000000
0000000
0000000
0000000
0000000
0000000
0000000
0000000
0000000
0000000
0000000
0000000
0000000
0000000
0000000
0000000
0000000
0000000
0000000
0000000
0000000
0000000
0000000
0000000
0000000
0000000
0000000
0000000
0000000
0000000
0000000
0000000
0000000
0000000
0000000
0000000
0000000
0000000
0000000
0000000
0000000
0000000
0000000
0000000
0000000
0000000
0000000
0000000
0000000
0000000
0000000
0000000
0000000
0000000
0000000
0000000
0000000
0000000
0000000
0000000
0000000
0000000
0000000
0000000
0000000
0000000
0000000
0000000
0000000
0000001
0000010
0000101
0001011
0010110
0101101
1011010
1101010
0001011
0010111
0101110
1011100
1100110
0010011
0100110
1001100
1000111
1010001
1111100
0100110
1001100
1000111
1010000
1111110
0100011
1000111
1010000
1111110
0100010
1000101
1010100
1110110
0110010
1100100
0010110
0101100
1011000
crc: 110111

B received wrong checksum hence discarding, received checksum: 43, expected checksum: 55

EVENT time: 1458.607056,  type: 0, timerinterrupt   entity: 0

Resending packet from A
          TOLAYER1: frame being corrupted

EVENT time: 1464.856079,  type: 2, fromlayer1  entity: 1

input to crc: 00000000000000000000000000000000000000000000000000000000000000000000000000000000000000000000000001011010011000100110001001100010
0000000
0000000
0000000
0000000
0000000
0000000
0000000
0000000
0000000
0000000
0000000
0000000
0000000
0000000
0000000
0000000
0000000
0000000
0000000
0000000
0000000
0000000
0000000
0000000
0000000
0000000
0000000
0000000
0000000
0000000
0000000
0000000
0000000
0000000
0000000
0000000
0000000
0000000
0000000
0000000
0000000
0000000
0000000
0000000
0000000
0000000
0000000
0000000
0000000
0000000
0000000
0000000
0000000
0000000
0000000
0000000
0000000
0000000
0000000
0000000
0000000
0000000
0000000
0000000
0000000
0000000
0000000
0000000
0000000
0000000
0000000
0000000
0000000
0000000
0000000
0000000
0000000
0000000
0000000
0000000
0000000
0000000
0000000
0000000
0000000
0000000
0000000
0000000
0000000
0000000
0000000
0000001
0000010
0000101
0001011
0010110
0101101
1011010
1101010
0001011
0010111
0101110
1011100
1100110
0010011
0100110
1001100
1000111
1010001
1111100
0100110
1001100
1000111
1010000
1111110
0100011
1000111
1010000
1111110
0100010
1000101
1010100
1110110
0110010
1100100
0010110
0101100
1011000
crc: 110111

input to crc: 00000000000000000000000000000000000000000000000000000000000000000000000000000000000000000000000001011010011000100110001001100010
0000000
0000000
0000000
0000000
0000000
0000000
0000000
0000000
0000000
0000000
0000000
0000000
0000000
0000000
0000000
0000000
0000000
0000000
0000000
0000000
0000000
0000000
0000000
0000000
0000000
0000000
0000000
0000000
0000000
0000000
0000000
0000000
0000000
0000000
0000000
0000000
0000000
0000000
0000000
0000000
0000000
0000000
0000000
0000000
0000000
0000000
0000000
0000000
0000000
0000000
0000000
0000000
0000000
0000000
0000000
0000000
0000000
0000000
0000000
0000000
0000000
0000000
0000000
0000000
0000000
0000000
0000000
0000000
0000000
0000000
0000000
0000000
0000000
0000000
0000000
0000000
0000000
0000000
0000000
0000000
0000000
0000000
0000000
0000000
0000000
0000000
0000000
0000000
0000000
0000000
0000000
0000001
0000010
0000101
0001011
0010110
0101101
1011010
1101010
0001011
0010111
0101110
1011100
1100110
0010011
0100110
1001100
1000111
1010001
1111100
0100110
1001100
1000111
1010000
1111110
0100011
1000111
1010000
1111110
0100010
1000101
1010100
1110110
0110010
1100100
0010110
0101100
1011000
crc: 110111

B received wrong checksum hence discarding, received checksum: 43, expected checksum: 55

EVENT time: 1483.607056,  type: 0, timerinterrupt   entity: 0

Resending packet from A

EVENT time: 1488.947266,  type: 2, fromlayer1  entity: 1

input to crc: 00000000000000000000000000000000000000000000000000000000000000000000000000000000000000000000000001100010011000100110001001100010
0000000
0000000
0000000
0000000
0000000
0000000
0000000
0000000
0000000
0000000
0000000
0000000
0000000
0000000
0000000
0000000
0000000
0000000
0000000
0000000
0000000
0000000
0000000
0000000
0000000
0000000
0000000
0000000
0000000
0000000
0000000
0000000
0000000
0000000
0000000
0000000
0000000
0000000
0000000
0000000
0000000
0000000
0000000
0000000
0000000
0000000
0000000
0000000
0000000
0000000
0000000
0000000
0000000
0000000
0000000
0000000
0000000
0000000
0000000
0000000
0000000
0000000
0000000
0000000
0000000
0000000
0000000
0000000
0000000
0000000
0000000
0000000
0000000
0000000
0000000
0000000
0000000
0000000
0000000
0000000
0000000
0000000
0000000
0000000
0000000
0000000
0000000
0000000
0000000
0000000
0000000
0000001
0000011
0000110
0001100
0011000
0110001
1100010
0011010
0110101
1101011
0001000
0010000
0100000
1000001
1011100
1100110
0010011
0100111
1001110
1000010
1011010
1101011
0001000
0010000
0100001
1000011
1011000
1101110
0000010
0000101
0001010
0010100
0101000
1010000
1111110
0100010
1000100
crc: 101011

B outstandingAck: 1, received: seqnum 0 checksum 43, expected: seqnum 1 checksum 43

input to crc: 00000000000000000000000000000001000000000000000000000000000000000000000000000000000000000000000001100010011000100110001001100010
0000000
0000000
0000000
0000000
0000000
0000000
0000000
0000000
0000000
0000000
0000000
0000000
0000000
0000000
0000000
0000000
0000000
0000000
0000000
0000000
0000000
0000000
0000000
0000000
0000000
0000001
0000010
0000100
0001000
0010000
0100000
1000000
1011110
1100010
0011010
0110100
1101000
0001110
0011100
0111000
1110000
0111110
1111100
0100110
1001100
1000110
1010010
1111010
0101010
1010100
1110110
0110010
1100100
0010110
0101100
1011000
1101110
0000010
0000100
0001000
0010000
0100000
1000000
1011110
1100010
0011010
0110100
1101000
0001110
0011100
0111000
1110000
0111110
1111100
0100110
1001100
1000110
1010010
1111010
0101010
1010100
1110110
0110010
1100100
0010110
0101100
1011000
1101110
0000010
0000100
0001000
0010001
0100011
1000110
1010010
1111010
0101011
1010110
1110010
0111011
1110111
0110000
1100000
0011110
0111101
1111010
0101010
1010101
1110101
0110100
1101000
0001110
0011101
0111010
1110100
0110111
1101111
0000000
0000000
0000000
0000001
0000010
0000100
0001000
0010000
0100000
1000000
1011110
crc: 110001

B is acknowledging: 0

EVENT time: 1495.307983,  type: 2, fromlayer1  entity: 0

input to crc: 00000000000000000000000000000001000000000000000000000000000000000000000000000000000000000000000001100010011000100110001001100010
0000000
0000000
0000000
0000000
0000000
0000000
0000000
0000000
0000000
0000000
0000000
0000000
0000000
0000000
0000000
0000000
0000000
0000000
0000000
0000000
0000000
0000000
0000000
0000000
0000000
0000001
0000010
0000100
0001000
0010000
0100000
1000000
1011110
1100010
0011010
0110100
1101000
0001110
0011100
0111000
1110000
0111110
1111100
0100110
1001100
1000110
1010010
1111010
0101010
1010100
1110110
0110010
1100100
0010110
0101100
1011000
1101110
0000010
0000100
0001000
0010000
0100000
1000000
1011110
1100010
0011010
0110100
1101000
0001110
0011100
0111000
1110000
0111110
1111100
0100110
1001100
1000110
1010010
1111010
0101010
1010100
1110110
0110010
1100100
0010110
0101100
1011000
1101110
0000010
0000100
0001000
0010001
0100011
1000110
1010010
1111010
0101011
1010110
1110010
0111011
1110111
0110000
1100000
0011110
0111101
1111010
0101010
1010101
1110101
0110100
1101000
0001110
0011101
0111010
1110100
0110111
1101111
0000000
0000000
0000000
0000001
0000010
0000100
0001000
0010000
0100000
1000000
1011110
crc: 110001

A is accepting acknowledgement 0 0 bbbb, checksum=49
 Simulator terminated at time 1495.307983
 after sending 2 pkts from layer3
